0.810998
112.152
112.614
113.075
113.076
113.536
113.537
113.538
113.539
113.997
113.998
113.999
113.999
114
114
114.458
114.459
114.459
114.46
114.46
114.461
114.461
114.462
114.462
114.463
114.463
114.919
114.92
114.92
114.921
114.921
114.921
114.922
114.922
114.923
114.923
114.923
114.924
114.924
114.924
114.925
114.925
114.926
114.926
114.926
115.381
115.381
115.381
115.382
115.382
115.382
115.383
115.383
115.383
115.383
115.384
115.384
115.384
115.385
115.385
115.385
115.386
115.386
115.386
115.386
115.387
115.387
115.387
115.388
115.388
115.388
115.388
115.389
115.389
115.389
115.39
115.39
115.842
115.842
115.842
115.843
115.843
115.843
115.843
115.844
115.844
115.844
115.844
115.844
115.845
115.845
115.845
115.845
115.846
115.846
115.846
115.846
115.847
115.847
115.847
115.847
115.848
115.848
115.848
115.848
115.848
115.849
115.849
115.849
115.849
115.85
115.85
115.85
115.85
115.85
115.851
115.851
115.851
115.851
115.852
115.852
115.852
115.852
115.852
115.853
115.853
115.853
115.853
115.853
115.854
115.854
115.854
116.303
116.303
116.303
116.304
116.304
116.304
116.304
116.304
116.305
116.305
116.305
116.305
116.305
116.306
116.306
116.306
116.306
116.306
116.307
116.307
116.307
116.307
116.308
116.308
116.308
116.308
116.308
116.309
116.309
116.309
116.309
116.309
116.31
116.31
116.31
116.31
116.31
116.311
116.311
116.311
116.311
116.311
116.312
116.312
116.312
116.312
116.312
116.313
116.313
116.313
116.313
116.313
116.313
116.314
116.314
116.314
116.314
116.314
116.315
116.315
116.315
116.315
116.315
116.315
116.316
116.316
116.316
116.316
116.316
116.317
116.317
116.317
116.317
116.317
116.317
116.318
116.318
116.318
116.318
116.318
116.318
116.319
116.319
116.319
116.319
116.764
116.764
116.764
116.765
116.765
116.765
116.765
116.765
116.765
116.765
116.766
116.766
116.766
116.766
116.766
116.766
116.767
116.767
116.767
116.767
116.767
116.767
116.768
116.768
116.768
116.768
116.768
116.769
116.769
116.769
116.769
116.769
116.769
116.77
116.77
116.77
116.77
116.77
116.771
116.771
116.771
116.771
116.772
116.772
116.772
116.772
116.772
116.773
116.773
116.773
116.773
116.773
116.774
116.774
116.774
116.774
116.775
116.775
116.775
116.775
116.775
116.776
116.776
116.776
116.776
116.777
116.777
116.777
116.777
116.778
116.778
116.778
116.778
116.778
116.779
116.779
116.779
116.779
116.78
116.78
116.78
116.78
116.781

