0
-1
-1
-0.587164
-0.928773
-0.986175
-0.997033
-0.999306
-0.999825
-0.999953
-0.999986
-0.999996
-0.999999
-1
-1
-1
-1
-1
-1
-1
-1
-1
-1
-1
-1
-1
-1
-1
-1
-1
-1
-1
-1
-1
-1
-1
-1
-1
-1
-1
-1
-1
-1
-1
-1
-1
-1
-1
-1
-1
-1
-1
-1
-1
-1
-1
-1
-1
-1
-1
-1
-1
-1
-1
-1
-1
-1
-1
-1
-1
-1
-1
-1
-1
-1
-1
-1
-1
-1
-1
-1
-1
-1
-1
-1
-1
-1
-1
-1
-1
-1
-1
-1
-1
-0.999999
-0.999999
-0.999999
-0.999999
-0.999999
-0.999999
-0.999998
-0.999998
-0.999998
-0.999997
-0.999997
-0.999997
-0.999996
-0.999995
-0.999995
-0.999994
-0.999993
-0.999992
-0.99999
-0.999989
-0.999987
-0.999985
-0.999983
-0.999981
-0.999978
-0.999975
-0.999972
-0.999968
-0.999964
-0.99996
-0.999955
-0.999949
-0.999943
-0.999937
-0.999929
-0.999921
-0.999912
-0.999902
-0.999891
-0.999879
-0.999866
-0.999852
-0.999837
-0.99982
-0.999801
-0.999782
-0.99976
-0.999737
-0.999711
-0.999684
-0.999655
-0.999623
-0.999588
-0.999551
-0.999512
-0.999469
-0.999423
-0.999374
-0.999322
-0.999266
-0.999206
-0.999142
-0.999074
-0.999001
-0.998923
-0.998841
-0.998753
-0.99866
-0.998562
-0.998457
-0.998346
-0.998229
-0.998105
-0.997974
-0.997835
-0.997689
-0.997535
-0.997373
-0.997202
-0.997022
-0.996834
-0.996635
-0.996427
-0.996208
-0.995979
-0.995738
-0.995487
-0.995224
-0.994948
-0.99466
-0.99436
-0.994046
-0.993719
-0.993377
-0.993022
-0.992651
-0.992265
-0.991864
-0.991447
-0.991014
-0.990563
-0.990096
-0.989611
-0.989108
-0.988586
-0.988046
-0.987487
-0.986908
-0.986309
-0.985689
-0.985049
-0.984388
-0.983705
-0.983
-0.982273
-0.981523
-0.98075
-0.979953
-0.979132
-0.978288
-0.977418
-0.976524
-0.975605
-0.974659
-0.973688
-0.972691
-0.971667
-0.970615
-0.969537
-0.968431
-0.967298
-0.966136
-0.964945
-0.963726
-0.962478
-0.961201
-0.959895
-0.958558
-0.957192
-0.955796
-0.954369
-0.952912
-0.951424
-0.949906
-0.948356
-0.946775
-0.945163
-0.943519
-0.941844
-0.940137
-0.938398
-0.936627
-0.934824
-0.932989
-0.931122
-0.929223
-0.927292
-0.925329
-0.923333
-0.921305
-0.919245
-0.917152
-0.915028
-0.912871
-0.910682
-0.908462
-0.906209
-0.903924
-0.901608
-0.89926
-0.896881
-0.89447
-0.892028
-0.889554
-0.88705
-0.884515
-0.881949
-0.879353
-0.876727
-0.874071
-0.871385
-0.868669
-0.865924
-0.86315
-0.860347
-0.857516
-0.854656
-0.851768
-0.848852
-0.845909
-0.842939
-0.839942
-0.836918
-0.833868
-0.830793
-0.827691
-0.824565
-0.821414
-0.818238
-0.815038
-0.811814
-0.808567
-0.805297
-0.802004
-0.798689
-0.795352
-0.791994
-0.788614
-0.785214
-0.781794
-0.778354
-0.774894
-0.771416
-0.767918
-0.764403
-0.76087
-0.75732
-0.753753
-0.750169
-0.74657
-0.742955
-0.739325
-0.73568
-0.732021
-0.728348
-0.724662
-0.720963
-0.717252
-0.713529
-0.709794
-0.706048
-0.702291
-0.698525
-0.694748
-0.690962
-0.687168
-0.683365
-0.679554
-0.675735
-0.67191
-0.668078
-0.664239
-0.660395
-0.656546
-0.652691
-0.648832
-0.64497
-0.641103
-0.637233
-0.633361
-0.629486
-0.625609
-0.621731
-0.617852
-0.613971
-0.610091
-0.606211
-0.602331
-0.598452
-0.594574
-0.590698
-0.586824
-0.582952
-0.579083
-0.575217
-0.571355
-0.567497
-0.563642
-0.559793
-0.555948
-0.552109
-0.548275
-0.544447
-0.540625
-0.53681
-0.533002
-0.529201
-0.525408
-0.521623
-0.517845
-0.514077
-0.510317
-0.506566
-0.502824
-0.499092
-0.49537
-0.491658
-0.487956
-0.484265
-0.480585
-0.476916
-0.473259
-0.469613
-0.46598
-0.462358
-0.458749
-0.455152
-0.451569
-0.447998
-0.44444
-0.440896
-0.437366
-0.433849
-0.430347
-0.426859
-0.423385
-0.419925
-0.416481
-0.413051
-0.409637
-0.406237
-0.402853
-0.399485
-0.396132
-0.392795
-0.389474
-0.386169
-0.382881
-0.379609
-0.376353
-0.373113
-0.369891
-0.366685
-0.363496
-0.360325
-0.35717
-0.354032
-0.350912
-0.347809
-0.344723
-0.341655
-0.338605
-0.335572
-0.332557
-0.32956
-0.326581
-0.323619
-0.320675
-0.31775
-0.314842
-0.311953
-0.309081
-0.306228
-0.303393
-0.300576
-0.297778
-0.294997
-0.292235
-0.289491
-0.286766
-0.284058
-0.28137
-0.278699
-0.276047
-0.273413
-0.270797
-0.2682
-0.265621
-0.26306
-0.260517
-0.257993
-0.255487
-0.252999
-0.25053
-0.248078
-0.245645
-0.24323
-0.240833
-0.238454
-0.236093
-0.23375
-0.231425
-0.229118
-0.226828
-0.224557
-0.222303
-0.220067
-0.217848
-0.215648
-0.213464
-0.211299
-0.20915
-0.207019
-0.204906
-0.202809
-0.20073
-0.198668
-0.196623
-0.194595
-0.192584
-0.19059
-0.188613
-0.186652
-0.184708
-0.182781
-0.18087
-0.178976
-0.177098
-0.175236
-0.17339
-0.171561
-0.169748
-0.16795
-0.166169
-0.164403
-0.162653
-0.160919
-0.1592
-0.157496
-0.155809
-0.154136
-0.152478
-0.150836
-0.149209
-0.147597
-0.145999
-0.144416
-0.142848
-0.141295
-0.139756
-0.138232
-0.136721
-0.135225
-0.133744
-0.132276
-0.130822
-0.129382
-0.127956
-0.126544
-0.125145
-0.12376
-0.122388
-0.121029
-0.119684
-0.118352
-0.117032
-0.115726
-0.114433
-0.113152
-0.111884
-0.110629
-0.109386
-0.108156
-0.106937
-0.105731
-0.104538
-0.103356
-0.102186
-0.101028
-0.0998816
-0.098747
-0.0976239
-0.0965124
-0.0954122
-0.0943234
-0.0932457
-0.0921792
-0.0911237
-0.0900791
-0.0890455
-0.0880225
-0.0870103
-0.0860086
-0.0850175
-0.0840367
-0.0830663
-0.0821061
-0.0811561
-0.0802162
-0.0792862
-0.0783661
-0.0774559
-0.0765553
-0.0756645
-0.0747832
-0.0739113
-0.0730489
-0.0721958
-0.0713519
-0.0705171
-0.0696914
-0.0688747
-0.068067
-0.067268
-0.0664778
-0.0656963
-0.0649233
-0.0641589
-0.0634029
-0.0626553
-0.0619159
-0.0611848
-0.0604618
-0.0597468
-0.0590398
-0.0583408
-0.0576495
-0.056966
-0.0562902
-0.0556221
-0.0549614
-0.0543083
-0.0536625
-0.0530241
-0.0523929
-0.0517689
-0.0511521
-0.0505423
-0.0499394
-0.0493435
-0.0487545
-0.0481722
-0.0475967
-0.0470278
-0.0464655
-0.0459097
-0.0453604
-0.0448175
-0.0442809
-0.0437506
-0.0432266
-0.0427086
-0.0421968
-0.0416909
-0.0411911
-0.0406972
-0.0402091
-0.0397268
-0.0392502
-0.0387793
-0.0383141
-0.0378544
-0.0374002
-0.0369514
-0.0365081
-0.0360701
-0.0356374
-0.0352099
-0.0347876
-0.0343705
-0.0339584
-0.0335513
-0.0331493
-0.0327521
-0.0323598
-0.0319724
-0.0315897
-0.0312118
-0.0308385
-0.0304699
-0.0301058
-0.0297463
-0.0293913
-0.0290407
-0.0286945
-0.0283527
-0.0280151
-0.0276819
-0.0273528
-0.027028
-0.0267072
-0.0263906
-0.026078
-0.0257694
-0.0254648
-0.0251641
-0.0248673
-0.0245744
-0.0242852
-0.0239998
-0.0237181
-0.0234402
-0.0231658
-0.0228951
-0.022628
-0.0223644
-0.0221043
-0.0218476
-0.0215944
-0.0213446
-0.0210982
-0.020855
-0.0206152
-0.0203786
-0.0201453
-0.0199151
-0.0196881
-0.0194642
-0.0192434
-0.0190257
-0.018811
-0.0185993
-0.0183906
-0.0181848
-0.0179819
-0.0177819
-0.0175848
-0.0173904
-0.0171989
-0.0170101
-0.0168241
-0.0166407
-0.0164601
-0.0162821
-0.0161067
-0.0159339
-0.0157637
-0.0155961
-0.015431
-0.0152683
-0.0151082
-0.0149505
-0.0147952
-0.0146423
-0.0144918
-0.0143437
-0.0141979
-0.0140543
-0.0139131
-0.0137742
-0.0136374
-0.0135029
-0.0133706
-0.0132405
-0.0131125
-0.0129867
-0.0128629
-0.0127413
-0.0126217
-0.0125042
-0.0123888
-0.0122753
-0.0121638
-0.0120544
-0.0119468
-0.0118412
-0.0117376
-0.0116358
-0.011536
-0.011438
-0.0113418
-0.0112475
-0.011155
-0.0110643
-0.0109754
-0.0108883
-0.0108029
-0.0107193
-0.0106374
-0.0105571
-0.0104786
-0.0104018
-0.0103266
-0.0102531
-0.0101812
-0.010111
-0.0100423
-0.00997526
-0.00990978
-0.00984587
-0.00978351
-0.0097227
-0.00966341
-0.00960564
-0.00954937
-0.00949459
-0.0094413
-0.00938947
-0.00933909
-0.00929017
-0.00924267
-0.0091966
-0.00915193
-0.00910867
-0.00906679
-0.0090263
-0.00898717
-0.0089494
-0.00891298
-0.00887789
-0.00884413
-0.00881169
-0.00878056
-0.00875073
-0.00872218
-0.00869492
-0.00866893
-0.0086442
-0.00862073
-0.0085985
-0.0085775
-0.00855774
-0.00853919
-0.00852186
-0.00850573
-0.0084908
-0.00847706
-0.00846449
-0.0084531
-0.00844288
-0.00843381
-0.0084259
-0.00841913
-0.00841349
-0.00420548
0

