98.4872
96.5719
97.5208
97.4475
97.2274
96.9832
96.7344
96.4846
96.2347
95.9847
95.7347
95.4847
95.2347
94.9847
94.7347
94.4847
94.2347
93.9847
93.7347
93.4847
93.2347
92.9847
92.7347
92.4847
92.2347
91.9847
91.7347
91.4847
91.2347
90.9847
90.7347
90.4847
90.2347
89.9847
89.7347
89.4847
89.2347
88.9847
88.7347
88.4847
88.2347
87.9847
87.7347
87.4847
87.2347
86.9847
86.7347
86.4847
86.2347
85.9847
85.7347
85.4847
85.2347
84.9847
84.7347
84.4847
84.2347
83.9847
83.7347
83.4847
83.2347
82.9847
82.7347
82.4847
82.2347
81.9847
81.7347
81.4847
81.2347
80.9847
80.7347
80.4847
80.2347
79.9847
79.7347
79.4847
79.2347
78.9847
78.7347
78.4847
78.2347
77.9847
77.7347
77.4847
77.2347
76.9847
76.7347
76.4847
76.2347
75.9847
75.7347
75.4847
75.2347
74.9847
74.7347
74.4847
74.2347
73.9847
73.7347
73.4847
73.2347
72.9847
72.7347
72.4847
72.2347
71.9847
71.7347
71.4847
71.2347
70.9847
70.7347
70.4848
70.2348
69.9848
69.7348
69.4848
69.2348
68.9848
68.7348
68.4848
68.2348
67.9848
67.7348
67.4848
67.2348
66.9848
66.7349
66.4849
66.2349
65.9849
65.7349
65.4849
65.235
64.985
64.735
64.4851
64.2351
63.9852
63.7352
63.4853
63.2353
62.9854
62.7354
62.4855
62.2356
61.9857
61.7358
61.4859
61.236
60.9861
60.7363
60.4864
60.2366
59.9868
59.737
59.4872
59.2374
58.9876
58.7379
58.4882
58.2385
57.9888
57.7392
57.4895
57.2399
56.9904
56.7408
56.4913
56.2418
55.9924
55.743
55.4936
55.2443
54.995
54.7458
54.4966
54.2475
53.9984
53.7494
53.5005
53.2516
53.0027
52.754
52.5053
52.2566
52.0081
51.7596
51.5112
51.263
51.0148
50.7666
50.5186
50.2707
50.0229
49.7752
49.5277
49.2802
49.0329
48.7857
48.5386
48.2917
48.0449
47.7983
47.5518
47.3055
47.0593
46.8133
46.5675
46.3218
46.0764
45.8311
45.586
45.3412
45.0965
44.8521
44.6078
44.3639
44.1201
43.8766
43.6333
43.3903
43.1475
42.905
42.6628
42.4209
42.1792
41.9379
41.6968
41.4561
41.2156
40.9755
40.7358
40.4963
40.2572
40.0185
39.7801
39.5421
39.3045
39.0673
38.8304
38.594
38.3579
38.1223
37.8871
37.6523
37.418
37.1841
36.9507
36.7177
36.4852
36.2532
36.0217
35.7907
35.5602
35.3302
35.1007
34.8717
34.6433
34.4154
34.1881
33.9613
33.7351
33.5095
33.2845
33.06
32.8362
32.6129
32.3903
32.1683
31.9469
31.7262
31.5061
31.2867
31.0679
30.8498
30.6324
30.4157
30.1996
29.9843
29.7696
29.5557
29.3425
29.13
28.9183
28.7073
28.497
28.2875
28.0787
27.8708
27.6636
27.4571
27.2515
27.0466
26.8426
26.6393
26.4369
26.2353
26.0345
25.8345
25.6354
25.4371
25.2396
25.043
24.8473
24.6524
24.4583
24.2652
24.0729
23.8815
23.6909
23.5013
23.3125
23.1247
22.9377
22.7516
22.5665
22.3823
22.1989
22.0165
21.835
21.6545
21.4748
21.2961
21.1183
20.9415
20.7656
20.5906
20.4166
20.2436
20.0714
19.9003
19.7301
19.5608
19.3925
19.2251
19.0587
18.8933
18.7289
18.5654
18.4028
18.2412
18.0806
17.921
17.7623
17.6046
17.4479
17.2921
17.1374
16.9835
16.8307
16.6788
16.5279
16.378
16.229
16.081
15.934
15.7879
15.6428
15.4987
15.3555
15.2133
15.0721
14.9318
14.7925
14.6542
14.5168
14.3804
14.2449
14.1104
13.9768
13.8442
13.7126
13.5819
13.4521
13.3233
13.1954
13.0684
12.9424
12.8174
12.6932
12.57
12.4477
12.3264
12.2059
12.0864
11.9678
11.8501
11.7333
11.6174
11.5025
11.3884
11.2752
11.1629
11.0515
10.941
10.8314
10.7227
10.6148
10.5078
10.4017
10.2965
10.1921
10.0886
9.98588
9.88406
9.78309
9.68296
9.58367
9.48521
9.38759
9.29079
9.19482
9.09967
9.00533
8.91181
8.81909
8.72717
8.63606
8.54574
8.45621
8.36746
8.2795
8.19231
8.1059
8.02026
7.93538
7.85126
7.76789
7.68528
7.60341
7.52229
7.4419
7.36225
7.28332
7.20512
7.12764
7.05087
6.97482
6.89947
6.82482
6.75087
6.67761
6.60503
6.53314
6.46193
6.3914
6.32153
6.25232
6.18378
6.11589
6.04866
5.98207
5.91612
5.85081
5.78613
5.72208
5.65865
5.59585
5.53365
5.47207
5.41109
5.35071
5.29093
5.23174
5.17314
5.11512
5.05768
5.00082
4.94452
4.88879
4.83361
4.779
4.72493
4.67142
4.61844
4.56601
4.51411
4.46274
4.41189
4.36156
4.31176
4.26246
4.21368
4.16539
4.11761
4.07032
4.02353
3.97722
3.93139
3.88605
3.84118
3.79678
3.75284
3.70937
3.66636
3.6238
3.5817
3.54004
3.49882
3.45804
3.4177
3.37778
3.3383
3.29924
3.26059
3.22236
3.18455
3.14714
3.11014
3.07353
3.03733
3.00151
2.96609
2.93105
2.8964
2.86212
2.82822
2.79469
2.76152
2.72873
2.69629
2.66421
2.63248
2.60111
2.57008
2.5394
2.50906
2.47905
2.44938
2.42004
2.39103
2.36234
2.33397
2.30592
2.27819
2.25076
2.22365
2.19684
2.17033
2.14413
2.11822
2.0926
2.06727
2.04223
2.01748
1.993
1.96881
1.94489
1.92124
1.89786
1.87476
1.85191
1.82933
1.80701
1.78494
1.76313
1.74157
1.72025
1.69919
1.67836
1.65778
1.63744
1.61733
1.59745
1.57781
1.55839
1.5392
1.52023
1.50149
1.48296
1.46465
1.44655
1.42866
1.41099
1.39352
1.37625
1.35919
1.34233
1.32566
1.30919
1.29292
1.27684
1.26095
1.24524
1.22972
1.21438
1.19923
1.18425
1.16945
1.15483
1.14038
1.1261
1.11199
1.09805
1.08427
1.07066
1.05721
1.04392
1.03079
1.01781
1.00499
0.992323
0.979807
0.967439
0.95522
0.943146
0.931217
0.91943
0.907784
0.896278
0.884909
0.873677
0.862579
0.851614
0.840781
0.830077
0.819502
0.809053
0.79873
0.788531
0.778454
0.768499
0.758662
0.748944
0.739342
0.729856
0.720484
0.711224
0.702075
0.693036
0.684106
0.675283
0.666566
0.657953
0.649444
0.641037
0.63273
0.624523
0.616415
0.608404
0.600488
0.592668
0.584941
0.577307
0.569764
0.562311
0.554947
0.547671
0.540482
0.533378
0.526359
0.519424
0.512572
0.5058
0.49911
0.492498
0.485965
0.47951
0.473131
0.466827
0.460598
0.454442
0.448359
0.442347
0.436406
0.430535
0.424732
0.418998
0.41333
0.407729
0.402193
0.396721
0.391313
0.385967
0.380683
0.37546
0.370298
0.365194
0.36015
0.355163
0.350233
0.345359
0.34054
0.335777
0.331067
0.32641
0.321805
0.317252
0.312751
0.308299
0.303897
0.299543
0.295238
0.29098
0.286768
0.282603
0.278483
0.274408
0.270376
0.266389
0.262443
0.25854
0.254679
0.250858
0.247077
0.243336
0.239634
0.235971
0.232345
0.228756
0.225204
0.221688
0.218208
0.214762
0.211351
0.207973
0.204629
0.201317
0.198038
0.19479
0.191574
0.188387
0.185231
0.182105
0.179007
0.175938
0.172897
0.169884
0.166897
0.163938
0.161004
0.158096
0.155212
0.152354
0.14952
0.146709
0.143922
0.141158
0.138415
0.135695
0.132997
0.130319
0.127662
0.125025
0.122409
0.119811
0.117232
0.114672
0.11213
0.109606
0.107099
0.104609
0.102135
0.0996777
0.0972361
0.0948097
0.0923983
0.0900016
0.087619
0.0852503
0.082895
0.0805529
0.0782235
0.0759065
0.0736015
0.0713082
0.0690262
0.0667551
0.0644947
0.0622446
0.0600044
0.0577737
0.0555524
0.05334
0.0511361
0.0489406
0.0467529
0.0445729
0.0424002
0.0402344
0.0380753
0.0359225
0.0337758
0.0316347
0.0294991
0.0273686
0.0252429
0.0231216
0.0210046
0.0188914
0.0167819
0.0146756
0.0125724
0.0104719
0.00837377
0.00627783
0.00418374
0.00209122
0
0

